Shenzhen urban facility Points
0 -18020.6 -13979.5
1 -21367.5 -13901.6
2 -21148.9 -13814.5
3 -21334.2 -13761.5
4 -21304.9 -13758.3
5 -21216.5 -13739.1
6 -21163.0 -13736.7
7 -18791.4 -13721.9
8 -21433.7 -13681.2
9 -21409.4 -13643.9
10 -21464.9 -13638.6
11 -20162.3 -13628.2
12 -21446.0 -13620.1
13 -20861.5 -13617.7
14 -20328.7 -13607.7
15 -21484.9 -13607.2
16 -21210.7 -13576.4
17 -21092.4 -13576.2
18 -20900.2 -13531.8
19 -20326.3 -13531.3
20 -20928.9 -13525.8
21 -21447.5 -13522.6
22 -20490.9 -13521.7
23 -21414.5 -13518.7
24 -21414.5 -13518.7
25 -19904.3 -13515.1
26 -21935.6 -13483.3
27 -21005.1 -13469.1
28 -21965.0 -13460.7
29 -21598.7 -13459.1
30 -21552.3 -13454.3
31 -19961.6 -13434.4
32 -18917.1 -13424.1
33 -18923.4 -13373.1
34 -18927.7 -13345.0
35 -19999.0 -13338.5
36 -18733.7 -13286.5
37 -20603.0 -13283.0
38 -20202.7 -13274.2
39 -21484.4 -13273.9
40 -18788.7 -13253.5
41 -20394.2 -13223.3
42 -19119.5 -13222.5
43 -18844.7 -13220.4
44 -22000.8 -13110.1
45 -21904.2 -13090.7
46 -20229.4 -13087.7
47 -21873.3 -13085.6
48 -21768.2 -13077.5
49 -21823.6 -13069.9
50 -22203.0 -13053.5
51 -22203.0 -13053.5
52 -22106.2 -13046.3
53 -22185.9 -13016.1
54 -20459.6 -13010.7
55 -22400.5 -13008.1
56 -22757.9 -12980.9
57 -22063.9 -12980.5
58 -20533.0 -12970.7
59 -22713.0 -12970.7
60 -22489.8 -12959.8
61 -22085.3 -12926.5
62 -22095.8 -12918.0
63 -22688.4 -12914.6
64 -22168.4 -12894.6
65 -22178.6 -12888.9
66 -22525.3 -12883.0
67 -22497.3 -12872.4
68 -18590.8 -12839.7
69 -22533.4 -12812.0
70 -22147.4 -12808.6
71 -22752.5 -12799.1
72 -22268.6 -12792.1
73 -22232.5 -12790.5
74 -20555.6 -12787.6
75 -22250.6 -12761.4
76 -22279.1 -12743.2
77 -22261.3 -12726.9
78 -22266.9 -12694.7
79 -20584.9 -12691.8
80 -20521.1 -12691.8
81 -18385.8 -12637.9
82 -16493.5 -12350.4
83 -16678.1 -12315.3
84 -16920.4 -12231.1
85 -17205.3 -12224.6
86 -16831.3 -12186.5
87 -17170.6 -12176.4
88 -16010.0 -12160.2
89 -18233.1 -12159.0
90 -12710.1 -12147.2
91 -12710.1 -12147.2
92 -16668.1 -12147.1
93 -12675.9 -12134.4
94 -12916.3 -12115.0
95 -13345.5 -12090.3
96 -18223.4 -12070.6
97 -13116.8 -12047.6
98 -13116.8 -12047.6
99 -13116.8 -12047.6
100 -13116.8 -12047.6
101 -13116.8 -12047.6
102 -18558.1 -12019.7
103 -12439.0 -12004.3
104 -13113.3 -11982.2
105 -13119.3 -11962.7
106 -22549.7 -11955.6
107 -16842.4 -11926.0
108 -18431.0 -11872.2
109 -18396.9 -11860.6
110 -15863.7 -11839.2
111 -18056.8 -11834.1
112 -13107.9 -11804.8
113 -17251.8 -11804.1
114 -13509.7 -11790.9
115 -17260.8 -11787.3
116 -16824.6 -11784.5
117 -18601.2 -11772.0
118 -15598.0 -11755.0
119 -16680.6 -11722.7
120 -18510.8 -11721.4
121 -17181.3 -11707.8
122 -18430.2 -11705.0
123 -18486.8 -11704.1
124 -12442.1 -11684.2
125 -16833.1 -11677.0
126 -18561.5 -11674.0
127 -15803.4 -11672.9
128 -16776.5 -11672.4
129 -14060.0 -11660.6
130 -14095.3 -11660.0
131 -12833.8 -11657.2
132 -12833.8 -11657.2
133 -16047.8 -11651.2
134 -16257.6 -11647.7
135 -15986.0 -11646.7
136 -18564.1 -11646.3
137 -23864.4 -11639.8
138 -16671.4 -11629.7
139 -15153.5 -11626.1
140 -18762.3 -11620.9
141 -14282.8 -11615.0
142 -14317.7 -11612.2
143 -15153.3 -11611.7
144 -15003.0 -11603.1
145 -14841.1 -11602.4
146 -16317.5 -11600.7
147 -16712.5 -11598.1
148 -24001.1 -11595.1
149 -18576.5 -11587.4
150 -23983.3 -11582.7
151 -24091.7 -11578.4
152 -23554.1 -11543.2
153 -24022.1 -11536.3
154 -14807.2 -11503.8
155 -12647.9 -11488.2
156 -14603.5 -11411.4
157 -14603.5 -11411.4
158 -13797.3 -11366.9
159 -16293.1 -11365.8
160 -16293.1 -11365.8
161 -16293.1 -11365.8
162 -16293.1 -11365.8
163 -16293.1 -11365.8
164 -12772.2 -11351.0
165 -13291.0 -11326.3
166 -12541.3 -11318.2
167 -12492.9 -11316.2
168 -12492.9 -11316.2
169 -16193.2 -11276.3
170 -13349.3 -11231.9
171 -16233.8 -11223.6
172 -16217.5 -11214.2
173 -20944.7 -11192.8
174 -12733.6 -11128.0
175 -12452.5 -11110.4
176 -11664.1 -11102.1
177 -12315.3 -11094.9
178 -15704.1 -11090.5
179 -12494.3 -11084.2
180 -15714.4 -11083.0
181 -20511.7 -11080.4
182 -21046.6 -11074.8
183 -15428.3 -11074.4
184 -17320.1 -11059.8
185 -15768.5 -11056.6
186 -12368.0 -11046.4
187 -12481.6 -11031.6
188 -18218.0 -11026.2
189 -12373.7 -11017.5
190 -12406.5 -11001.5
191 -12383.9 -11000.7
192 -13780.8 -10954.6
193 -18193.6 -10942.2
194 -16185.3 -10921.0
195 -16208.5 -10916.4
196 -15691.1 -10916.1
197 -13760.4 -10914.4
198 -13760.4 -10914.4
199 -15778.4 -10912.4
200 -16003.7 -10910.9
201 -15890.5 -10908.4
202 -16172.3 -10908.1
203 -15925.5 -10907.8
204 -14371.2 -10861.5
205 -13713.0 -10848.7
206 -12643.6 -10841.5
207 -12618.9 -10841.3
208 -14426.4 -10840.6
209 -12581.6 -10822.6
210 -16347.8 -10818.8
211 -20615.3 -10810.7
212 -13661.9 -10803.0
213 -11468.9 -10795.2
214 -11482.3 -10792.8
215 -14297.0 -10786.3
216 -11435.8 -10783.6
217 -12510.9 -10779.4
218 -14268.1 -10779.0
219 -15697.7 -10758.7
220 -14261.5 -10752.5
221 -15634.9 -10752.0
222 -15968.8 -10728.8
223 -16476.9 -10727.0
224 -14147.8 -10722.3
225 -16041.1 -10685.5
226 -12165.7 -10685.3
227 -13741.7 -10656.7
228 -15478.1 -10650.7
229 -16738.9 -10646.2
230 -11088.9 -10646.0
231 -15816.2 -10644.9
232 -11464.1 -10622.5
233 -11262.4 -10614.7
234 -11217.2 -10612.1
235 -12147.9 -10602.6
236 -11526.4 -10593.8
237 -13980.0 -10588.8
238 -11512.8 -10580.8
239 -15581.1 -10578.3
240 -11864.5 -10569.5
241 -11491.0 -10567.8
242 -11491.0 -10567.8
243 -11491.0 -10567.8
244 -11411.6 -10553.0
245 -13058.4 -10547.1
246 -20707.5 -10506.7
247 -10446.9 -10505.6
248 -11859.3 -10500.9
249 -11859.3 -10500.9
250 -12608.0 -10488.8
251 -18023.4 -10472.2
252 -11855.7 -10472.2
253 -11855.7 -10472.2
254 -11855.7 -10472.2
255 -11855.7 -10472.2
256 -11855.7 -10472.2
257 -12319.6 -10464.7
258 -13073.5 -10462.1
259 -12970.3 -10461.0
260 -16420.9 -10451.0
261 -12030.1 -10443.9
262 -14155.8 -10439.4
263 -13065.9 -10439.0
264 -16611.7 -10420.2
265 -12355.2 -10413.5
266 -12997.2 -10408.5
267 -12281.0 -10366.7
268 -12899.8 -10365.8
269 -14021.4 -10361.2
270 -14434.0 -10358.7
271 -12263.1 -10343.8
272 -12616.4 -10293.6
273 -12616.4 -10293.6
274 -11935.5 -10268.8
275 -20887.2 -10241.2
276 -20887.2 -10241.2
277 -10358.1 -10241.2
278 -12218.2 -10234.9
279 -14195.0 -10214.2
280 -11654.5 -10176.5
281 -12629.0 -10155.4
282 -14553.7 -10134.1
283 -12153.1 -10090.9
284 -12072.5 -10076.7
285 -14627.5 -9992.2
286 -20743.2 -9871.6
287 -12931.0 -9826.0
288 -12891.9 -9821.1
289 -15941.8 -9789.7
290 -15941.8 -9789.7
291 -15941.8 -9789.7
292 -12900.4 -9776.6
293 -12900.4 -9776.6
294 -12900.4 -9776.6
295 -12900.4 -9776.6
296 -12916.9 -9717.7
297 -12926.1 -9712.0
298 -20660.6 -9645.0
299 -20675.6 -9619.3
300 -20675.6 -9619.3
301 -12722.5 -9590.1
302 -11870.1 -9549.5
303 -20776.8 -9484.5
304 -20809.2 -9451.8
305 -10747.9 -9429.3
306 -11570.0 -9417.6
307 -20987.8 -9371.3
308 -12173.5 -9370.2
309 -14916.7 -9312.9
310 -14798.4 -9311.6
311 -15489.1 -9280.2
312 -13859.0 -9261.5
313 -21277.1 -9260.1
314 -15004.1 -9243.9
315 -10856.1 -9222.9
316 -11798.1 -9211.4
317 -18491.1 -9182.9
318 -15506.9 -9172.5
319 -10908.5 -9122.1
320 -14028.3 -9102.0
321 -11958.5 -9076.0
322 -10891.3 -9071.5
323 -11923.2 -9057.7
324 -21387.7 -9046.7
325 -14881.9 -9006.7
326 -14681.3 -9004.5
327 -14982.5 -8997.3
328 -14732.6 -8995.9
329 -14991.1 -8951.7
330 -13947.3 -8942.2
331 -21095.5 -8912.5
332 -21107.4 -8894.2
333 -21044.1 -8863.1
334 -21050.6 -8820.9
335 -20958.8 -8804.8
336 -21025.6 -8803.6
337 -20948.1 -8780.6
338 -13660.1 -8733.1
339 -21007.9 -8729.7
340 -12023.9 -8729.7
341 -19552.0 -8660.1
342 -21423.1 -8635.2
343 -19584.0 -8589.6
344 -19634.1 -8586.8
345 -19369.8 -8585.7
346 -11847.8 -8581.0
347 -19531.2 -8580.7
348 -20950.0 -8580.2
349 -14101.1 -8557.6
350 -11005.1 -8552.8
351 -11847.3 -8550.0
352 -20995.6 -8540.6
353 -10700.5 -8536.8
354 -12291.1 -8521.8
355 -19595.0 -8521.0
356 -13635.4 -8517.8
357 -15229.7 -8512.5
358 -15034.1 -8502.5
359 -12444.3 -8493.8
360 -14232.7 -8491.2
361 -19728.0 -8477.6
362 -12142.0 -8463.4
363 -12571.3 -8462.9
364 -19090.0 -8456.3
365 -20307.6 -8450.6
366 -19140.2 -8446.6
367 -11896.3 -8422.0
368 -19722.8 -8418.0
369 -10894.0 -8416.3
370 -15037.7 -8408.3
371 -12493.2 -8402.2
372 -19721.5 -8399.2
373 -15032.3 -8395.1
374 -19719.9 -8362.7
375 -19685.9 -8360.0
376 -15295.0 -8353.1
377 -12477.4 -8341.6
378 -15899.5 -8334.2
379 -17660.4 -8270.9
380 -18292.5 -8247.1
381 -18147.3 -8237.3
382 -17659.8 -8236.6
383 -15764.0 -8165.9
384 -12141.1 -8153.3
385 -12085.1 -8123.2
386 -11975.3 -8075.1
387 -13621.1 -8055.9
388 -14555.7 -7616.6
389 -10431.7 -7510.9
390 -11954.0 -7432.7
391 -12756.5 -7418.9
392 -12288.1 -7387.5
393 -12810.9 -7365.8
394 -12565.1 -7348.9
395 -11263.3 -7063.6
396 -11038.0 -6992.1
END
